13,62
125,6
13,25
125,5
125,4
125,3
125,1
125,0
124,5
124,4
124,3
124,1
124,0
123,6
123,5
123,4
123,3
123,1
123,0
13,77
102,7
122,6
122,5
122,4
122,3
122,1
122,0
121,6
121,5
121,4
121,3
121,1
121,0
120,6
120,5
120,4
120,3
120,1
120,0
30,9
119,6
119,5
119,4
119,3
119,1
119,0
118,6
118,5
118,4
118,3
118,1
118,0
117,6
117,5
117,4
117,3
117,1
117,0
30,8
116,7
116,6
116,5
116,4
116,3
116,1
116,0
115,6
115,5
115,4
115,3
115,1
115,0
114,5
114,4
114,3
114,1
114,0
113,7
113,6
113,5
113,4
113,3
113,1
113,0
112,6
112,5
112,4
112,3
112,1
112,0
106,6
111,7
111,6
111,5
111,4
111,3
111,1
111,0
110,6
110,5
110,4
110,3
110,1
110,0
105,6
109,7
109,6
109,5
109,4
109,3
109,1
109,0
14,10
108,6
108,5
108,4
108,3
108,1
108,0
103,6
13,130
107,6
107,5
107,4
107,3
107,1
107,0
101,6
106,5
106,4
106,3
106,1
106,0
30,7
30,6
105,5
105,4
105,3
105,1
105,0
104,6
104,5
104,4
104,3
104,1
104,0
103,5
103,4
103,3
103,1
103,0
102,6
102,5
102,4
102,3
102,1
102,0
10,39
101,5
101,4
101,3
101,1
101,0
13,128
100,6
0,669
100,5
100,4
100,3
100,1
100,0
99,5
0,668
99,4
99,3
99,1
99,0
13,26
85,6
85,5
85,4
13,57
85,3
85,1
13,63
85,0
83,7
83,6
13,55
83,5
83,4
83,3
13,30
83,1
83,0
13,61
81,7
81,6
81,5
13,47
81,4
81,3
81,1
13,52
81,0
13,29
74,7
13,129
74,6
74,5
13,71
74,4
74,3
74,1
13,69
74,0
71,5
13,53
71,4
71,3
71,1
13,67
71,0
13,48
66,20
13,12
66,19
13,51
66,18
13,18
66,17
13,2
66,16
16,7
66,15
